step-0-loss : 1.696970 1.665650 1.703437 1.728821 1.640424 1.801517 1.664329 1.735243 1.754995 1.816747 
step-1-loss : 1.733639 1.700319 1.787772 1.791917 1.689661 1.874561 1.696685 1.762094 1.828813 1.868547 
step-2-loss : 1.758747 1.784841 1.853513 1.856827 1.728117 1.912751 1.756272 1.805025 1.883585 1.899061 
step-3-loss : 1.775795 1.829624 1.889117 1.880989 1.738308 1.945754 1.792285 1.892006 1.915683 1.923677 
step-4-loss : 1.803676 1.868559 1.901857 1.928807 1.796535 1.978778 1.856492 1.935174 1.968373 1.958227 
step-5-loss : 1.822690 1.912763 1.943848 1.970226 1.834124 2.023162 1.884907 1.981254 2.006091 2.004900 
step-6-loss : 1.863197 1.965308 1.975596 1.989219 1.866060 2.055541 1.903205 1.984724 2.041495 2.072838 
step-7-loss : 1.909320 1.996302 2.000484 2.016136 1.912056 2.078246 1.959892 2.019908 2.059434 2.119708 
step-8-loss : 1.944767 2.035495 2.022129 2.051256 1.911888 2.115950 1.992329 2.049097 2.102227 2.171483 
step-9-loss : 1.984527 2.074410 2.076248 2.067941 1.946259 2.147568 2.005614 2.070293 2.147262 2.207841 
step-10-loss : 2.027079 2.120206 2.106711 2.099686 1.979336 2.161046 2.029943 2.091923 2.177957 2.267524 
step-11-loss : 2.051116 2.166648 2.146933 2.131418 1.999933 2.199415 2.068879 2.111442 2.194837 2.302740 
step-12-loss : 2.073883 2.167436 2.195476 2.162132 2.040387 2.208840 2.098471 2.138932 2.217226 2.314958 
step-13-loss : 2.100551 2.195902 2.213625 2.201950 2.072395 2.238836 2.118505 2.152876 2.251252 2.340458 
step-14-loss : 2.145612 2.207038 2.254281 2.238842 2.096577 2.281904 2.146543 2.188014 2.269634 2.372999 
step-15-loss : 2.178249 2.237453 2.293707 2.272376 2.129662 2.308533 2.167669 2.209764 2.293190 2.403677 
step-16-loss : 2.193305 2.250824 2.311758 2.302135 2.163572 2.334203 2.192393 2.246971 2.316103 2.432104 
step-17-loss : 2.227592 2.288057 2.331678 2.330395 2.194952 2.379794 2.208142 2.260289 2.346460 2.470105 
step-18-loss : 2.252258 2.317521 2.358184 2.359809 2.222779 2.413532 2.229689 2.291741 2.359009 2.490972 
step-19-loss : 2.272829 2.348230 2.399595 2.382957 2.256504 2.425700 2.255199 2.323411 2.385374 2.521554 
step-20-loss : 2.310654 2.387290 2.423207 2.402288 2.270646 2.464991 2.270710 2.353130 2.394653 2.550970 
step-21-loss : 2.333793 2.411146 2.460523 2.445474 2.293370 2.493590 2.284277 2.387570 2.408481 2.578902 
step-22-loss : 2.358217 2.441264 2.492373 2.477294 2.319572 2.519280 2.307851 2.423280 2.429147 2.598922 
step-23-loss : 2.384071 2.464548 2.510814 2.498230 2.346213 2.544617 2.327481 2.444138 2.462895 2.623854 
step-24-loss : 2.414743 2.493099 2.537609 2.534007 2.378816 2.578207 2.356904 2.470574 2.496306 2.651629 
step-25-loss : 2.436320 2.527421 2.573105 2.557293 2.416263 2.608376 2.380780 2.491414 2.526398 2.682532 
step-26-loss : 2.466499 2.569351 2.602538 2.580681 2.460226 2.632971 2.398311 2.505651 2.553255 2.716038 
step-27-loss : 2.492159 2.596542 2.627756 2.621859 2.487499 2.659444 2.416359 2.535836 2.585926 2.743131 
step-28-loss : 2.520497 2.625479 2.669401 2.657495 2.515347 2.694272 2.451887 2.573303 2.618681 2.768953 
step-29-loss : 2.552807 2.661751 2.701955 2.692698 2.543084 2.721819 2.475463 2.598665 2.650165 2.793334 
step-30-loss : 2.578008 2.697018 2.731454 2.711193 2.569028 2.749166 2.512045 2.629871 2.682747 2.820103 
step-31-loss : 2.608871 2.721958 2.766815 2.749608 2.603303 2.784975 2.539178 2.659706 2.716355 2.857986 
step-32-loss : 2.634180 2.753048 2.805835 2.775035 2.633768 2.809414 2.566887 2.683200 2.747072 2.886854 
step-33-loss : 2.665319 2.783860 2.838241 2.807065 2.667068 2.841470 2.591402 2.708919 2.781135 2.920481 
step-34-loss : 2.688202 2.827163 2.877597 2.836648 2.697700 2.873990 2.618927 2.736797 2.809636 2.941482 
step-35-loss : 2.730752 2.859513 2.912314 2.862927 2.728654 2.905526 2.647647 2.761693 2.840394 2.971998 
step-36-loss : 2.754205 2.891134 2.941255 2.896026 2.759386 2.936133 2.671930 2.795299 2.880406 2.999527 
step-37-loss : 2.788921 2.926700 2.970889 2.933927 2.788789 2.966209 2.702372 2.827423 2.904039 3.024696 
step-38-loss : 2.820167 2.955616 3.011967 2.960050 2.826332 3.004315 2.733284 2.855852 2.933156 3.064804 
step-39-loss : 2.853340 2.992399 3.038322 2.993473 2.854137 3.036887 2.761131 2.880114 2.965508 3.102371 
step-40-loss : 2.885183 3.025022 3.076719 3.030889 2.884381 3.071485 2.784318 2.914001 2.993027 3.139658 
step-41-loss : 2.920883 3.067583 3.115276 3.064675 2.924304 3.114157 2.818540 2.949276 3.031015 3.178521 
step-42-loss : 2.950086 3.103794 3.143598 3.095613 2.955684 3.142364 2.845173 2.976490 3.059195 3.209330 
step-43-loss : 2.975946 3.137097 3.173379 3.119344 2.988333 3.177925 2.874650 3.006872 3.092490 3.236879 
step-44-loss : 3.006289 3.167286 3.212275 3.150418 3.019582 3.211788 2.899015 3.039197 3.127716 3.269290 
step-45-loss : 3.035439 3.189254 3.247581 3.188860 3.048061 3.243394 2.928812 3.067399 3.153013 3.299030 
step-46-loss : 3.064063 3.213824 3.277321 3.218214 3.075514 3.272988 2.956456 3.095496 3.190908 3.327709 
step-47-loss : 3.093699 3.239691 3.305438 3.246380 3.106090 3.302757 2.975280 3.124116 3.217496 3.355780 
step-48-loss : 3.125772 3.264244 3.331343 3.272721 3.135067 3.330487 2.999205 3.154685 3.250199 3.381611 
step-49-loss : 3.151809 3.288363 3.360849 3.303697 3.162221 3.356051 3.020008 3.182894 3.281436 3.410226 
step-50-loss : 3.180109 3.312817 3.393396 3.331046 3.188637 3.385357 3.045812 3.209648 3.306197 3.439188 
step-51-loss : 3.202552 3.343978 3.420644 3.361818 3.213632 3.407198 3.074424 3.238635 3.327116 3.468565 
step-52-loss : 3.232912 3.370335 3.448703 3.386133 3.240126 3.439829 3.097280 3.262178 3.353162 3.489801 
step-53-loss : 3.260856 3.398518 3.475857 3.413961 3.266534 3.466972 3.119527 3.287662 3.379629 3.515785 
step-54-loss : 3.287017 3.424288 3.497716 3.441245 3.293649 3.496285 3.138600 3.311989 3.401548 3.539429 
step-55-loss : 3.311771 3.450962 3.520488 3.466051 3.318320 3.516106 3.160466 3.337680 3.425401 3.563808 
step-56-loss : 3.335457 3.477993 3.542623 3.495046 3.342387 3.536136 3.180797 3.359113 3.449668 3.588064 
step-57-loss : 3.356970 3.500149 3.568338 3.514399 3.365144 3.560436 3.202599 3.382360 3.467220 3.610993 
step-58-loss : 3.380658 3.524719 3.591536 3.538048 3.388614 3.584528 3.216419 3.402145 3.486425 3.632110 
step-59-loss : 3.401741 3.546254 3.613752 3.559165 3.407284 3.604002 3.230323 3.421235 3.504713 3.655474 
step-60-loss : 3.419509 3.569503 3.636198 3.580671 3.427375 3.622762 3.240964 3.437190 3.527729 3.673728 
step-61-loss : 3.440875 3.589522 3.654617 3.604144 3.447046 3.644826 3.256165 3.454475 3.549558 3.691885 
step-62-loss : 3.457844 3.605541 3.675846 3.623934 3.465264 3.661726 3.275584 3.472905 3.565905 3.712909 
step-63-loss : 3.475945 3.625239 3.693413 3.640026 3.483784 3.676770 3.291264 3.491376 3.578070 3.722873 
step-64-loss : 3.493719 3.643080 3.712304 3.659408 3.503137 3.695981 3.307811 3.506675 3.597083 3.741480 
step-65-loss : 3.507265 3.658499 3.727417 3.677418 3.523499 3.712269 3.322537 3.523438 3.615427 3.758004 
step-66-loss : 3.524048 3.676280 3.744713 3.696436 3.541164 3.729501 3.340153 3.541143 3.631270 3.772106 
step-67-loss : 3.544655 3.694012 3.761763 3.714569 3.555131 3.748512 3.352908 3.556918 3.648957 3.787454 
step-68-loss : 3.558308 3.709777 3.778642 3.728570 3.564382 3.762766 3.366937 3.572839 3.664779 3.802454 
step-69-loss : 3.570346 3.722723 3.795654 3.741545 3.578413 3.777367 3.379238 3.586876 3.680044 3.817605 
step-70-loss : 3.584679 3.734926 3.812365 3.752767 3.594379 3.790482 3.392541 3.601208 3.697387 3.834854 
step-71-loss : 3.597684 3.749081 3.827893 3.765721 3.608399 3.804323 3.406736 3.612136 3.712493 3.852305 
step-72-loss : 3.612209 3.759829 3.844555 3.777058 3.620990 3.816141 3.418458 3.624084 3.726086 3.863372 
step-73-loss : 3.624487 3.769638 3.858929 3.788904 3.630645 3.827002 3.428091 3.636061 3.740957 3.876000 
step-74-loss : 3.636064 3.781671 3.870555 3.800113 3.643502 3.841691 3.436661 3.648392 3.753815 3.888065 
step-75-loss : 3.648532 3.795447 3.884832 3.812467 3.655849 3.856185 3.449621 3.660532 3.767941 3.899597 
step-76-loss : 3.658168 3.808318 3.897164 3.825225 3.666982 3.868999 3.458500 3.672060 3.777735 3.906586 
step-77-loss : 3.671750 3.817089 3.909796 3.835686 3.680097 3.881548 3.470118 3.683043 3.788448 3.916076 
step-78-loss : 3.682723 3.827276 3.921680 3.846576 3.690446 3.894075 3.478802 3.693811 3.799905 3.926449 
step-79-loss : 3.692464 3.839837 3.931565 3.854870 3.702317 3.903513 3.489656 3.704639 3.810221 3.936843 
step-80-loss : 3.700330 3.849411 3.940247 3.864016 3.712441 3.912520 3.498536 3.715431 3.824570 3.946462 
step-81-loss : 3.707751 3.859326 3.948565 3.874875 3.721923 3.921990 3.506695 3.725487 3.832907 3.956461 
step-82-loss : 3.717605 3.867411 3.957446 3.884727 3.732262 3.931704 3.514093 3.732202 3.842429 3.965840 
step-83-loss : 3.726810 3.876637 3.967616 3.895280 3.740058 3.940404 3.521593 3.738568 3.851426 3.973034 
step-84-loss : 3.734804 3.884286 3.976118 3.905639 3.748063 3.948395 3.530541 3.747045 3.860995 3.980518 
step-85-loss : 3.742995 3.892965 3.985765 3.913124 3.755836 3.958345 3.536160 3.754070 3.869075 3.988867 
step-86-loss : 3.751158 3.901955 3.995126 3.918133 3.764435 3.966218 3.542900 3.761078 3.878184 3.997561 
step-87-loss : 3.757128 3.907561 4.002717 3.923693 3.771991 3.974535 3.549719 3.766710 3.886178 4.004089 
step-88-loss : 3.765787 3.915715 4.010033 3.930777 3.777409 3.982294 3.555757 3.775256 3.892607 4.011635 
step-89-loss : 3.772691 3.922860 4.016657 3.937304 3.785282 3.989665 3.562638 3.782586 3.898723 4.018165 
step-90-loss : 3.778483 3.928266 4.022086 3.943215 3.790003 3.996008 3.567974 3.789275 3.904771 4.022860 
step-91-loss : 3.784827 3.934616 4.028976 3.949250 3.796772 4.000955 3.573017 3.795822 3.910400 4.028617 
step-92-loss : 3.790109 3.941049 4.034833 3.956656 3.803161 4.007060 3.578168 3.800307 3.917877 4.033429 
step-93-loss : 3.797243 3.947080 4.039513 3.964149 3.808744 4.012496 3.582758 3.804237 3.923458 4.038040 
step-94-loss : 3.803346 3.952519 4.044882 3.969572 3.814702 4.018759 3.587909 3.808274 3.928793 4.044743 
step-95-loss : 3.809782 3.957479 4.050000 3.974593 3.820070 4.022558 3.593473 3.814946 3.933392 4.051103 
step-96-loss : 3.815098 3.961131 4.054063 3.979553 3.825281 4.027085 3.598494 3.818331 3.940346 4.053985 
step-97-loss : 3.820116 3.966102 4.059082 3.985765 3.829705 4.032699 3.602859 3.822561 3.946683 4.058833 
step-98-loss : 3.823904 3.970530 4.064054 3.989535 3.834636 4.036502 3.606557 3.826946 3.951674 4.062559 
step-99-loss : 3.828421 3.975661 4.069222 3.994138 3.839858 4.041348 3.611339 3.831987 3.956983 4.066646 
step-100-loss : 3.833179 3.981049 4.073647 3.998790 3.845304 4.045646 3.614589 3.836483 3.960389 4.071758 
step-101-loss : 3.836325 3.985226 4.078270 4.004635 3.850378 4.049210 3.617345 3.839516 3.964752 4.073920 
step-102-loss : 3.839947 3.989674 4.083979 4.010003 3.854506 4.053096 3.621269 3.842559 3.969894 4.078424 
step-103-loss : 3.844105 3.992878 4.087500 4.014940 3.859756 4.057217 3.624605 3.845468 3.973536 4.081957 
step-104-loss : 3.849369 3.997914 4.091929 4.019987 3.863213 4.062069 3.629163 3.848093 3.977648 4.086285 
step-105-loss : 3.852569 4.002443 4.096347 4.023146 3.867918 4.066085 3.631413 3.851946 3.981822 4.090367 
step-106-loss : 3.856935 4.005743 4.099496 4.026277 3.872109 4.069118 3.634467 3.855826 3.985055 4.094042 
step-107-loss : 3.860405 4.008558 4.102312 4.029509 3.875803 4.071806 3.637130 3.858453 3.988021 4.097389 
step-108-loss : 3.863356 4.012153 4.105532 4.032827 3.879260 4.076054 3.639556 3.860987 3.990124 4.100900 
step-109-loss : 3.866808 4.016302 4.108481 4.036052 3.881841 4.078708 3.641671 3.864388 3.992697 4.105134 
step-110-loss : 3.869670 4.019321 4.111273 4.039250 3.885920 4.081211 3.644021 3.867919 3.996214 4.108818 
step-111-loss : 3.872731 4.022468 4.114057 4.041599 3.888723 4.084219 3.646844 3.870252 3.998550 4.111784 
step-112-loss : 3.875222 4.024915 4.116800 4.043900 3.892291 4.086731 3.649886 3.873130 4.001698 4.114947 
step-113-loss : 3.877029 4.027742 4.119733 4.046515 3.895151 4.089258 3.652193 3.875253 4.004237 4.117392 
step-114-loss : 3.879821 4.031144 4.122587 4.049591 3.898265 4.092502 3.654141 3.876876 4.007285 4.120010 
step-115-loss : 3.881992 4.033340 4.126145 4.051864 3.900404 4.094316 3.656529 3.879301 4.010061 4.121583 
step-116-loss : 3.884107 4.036303 4.128693 4.054232 3.903115 4.096658 3.658662 3.882416 4.011962 4.124523 
step-117-loss : 3.886415 4.038355 4.131194 4.056849 3.905483 4.099228 3.660466 3.884941 4.014606 4.126840 
step-118-loss : 3.888138 4.041010 4.135159 4.059297 3.908238 4.100756 3.663287 3.886448 4.015974 4.128112 
step-119-loss : 3.890469 4.043851 4.137516 4.061395 3.910779 4.103720 3.664753 3.888324 4.018547 4.130562 
step-120-loss : 3.893186 4.047023 4.139932 4.063736 3.913354 4.106059 3.667017 3.889963 4.019990 4.131749 
step-121-loss : 3.894905 4.049300 4.141831 4.066447 3.915688 4.108377 3.669052 3.891574 4.021710 4.133220 
step-122-loss : 3.896744 4.051084 4.144329 4.068827 3.917766 4.110087 3.670925 3.893112 4.023437 4.134879 
step-123-loss : 3.898038 4.053252 4.145936 4.070638 3.919832 4.112008 3.673261 3.894517 4.025790 4.136940 
step-124-loss : 3.900573 4.055500 4.148115 4.073180 3.922340 4.113808 3.674429 3.896857 4.028963 4.138982 
step-125-loss : 3.901973 4.057862 4.150644 4.074371 3.924079 4.115366 3.676308 3.898827 4.030115 4.140450 
step-126-loss : 3.903926 4.059774 4.152523 4.075438 3.925754 4.117165 3.677453 3.900477 4.031732 4.142696 
step-127-loss : 3.906271 4.061521 4.154274 4.076990 3.928085 4.118247 3.679138 3.902370 4.033378 4.144768 
step-128-loss : 3.907850 4.063148 4.156039 4.078453 3.929871 4.119735 3.680901 3.903697 4.034761 4.146498 
step-129-loss : 3.909471 4.064821 4.157431 4.079823 3.932100 4.121355 3.683276 3.905011 4.036162 4.147933 
step-130-loss : 3.911358 4.067309 4.158772 4.081195 3.934150 4.122711 3.685078 3.906394 4.038074 4.149199 
step-131-loss : 3.912566 4.068861 4.160908 4.083015 3.935963 4.123833 3.686207 3.907838 4.039033 4.149578 
step-132-loss : 3.913830 4.070061 4.162794 4.084250 3.937658 4.125275 3.687248 3.908711 4.039887 4.151460 
step-133-loss : 3.914958 4.071195 4.163751 4.085719 3.939607 4.126604 3.688347 3.909495 4.041180 4.152900 
step-134-loss : 3.916200 4.073111 4.164837 4.086611 3.941113 4.128528 3.689698 3.910772 4.042338 4.154006 
step-135-loss : 3.917359 4.075186 4.166105 4.088057 3.942609 4.130338 3.690435 3.911579 4.043699 4.155107 
step-136-loss : 3.918187 4.076777 4.167669 4.089542 3.944281 4.131797 3.691865 3.912642 4.044726 4.156612 
step-137-loss : 3.919300 4.077791 4.168360 4.090899 3.945611 4.132680 3.692666 3.914359 4.046413 4.157423 
step-138-loss : 3.920405 4.079344 4.169798 4.092366 3.946977 4.133483 3.693417 3.915288 4.047483 4.158619 
step-139-loss : 3.921696 4.080324 4.170536 4.093050 3.948036 4.134965 3.694084 3.916158 4.048278 4.159720 
step-140-loss : 3.922785 4.081546 4.171698 4.094353 3.949498 4.135868 3.694704 3.917048 4.049227 4.160417 
step-141-loss : 3.923915 4.083126 4.172262 4.096025 3.950320 4.137035 3.696032 3.917963 4.050660 4.161101 
step-142-loss : 3.925241 4.084111 4.173945 4.097316 3.951427 4.137949 3.696521 3.918736 4.051846 4.161682 
step-143-loss : 3.926458 4.085423 4.175290 4.098239 3.952718 4.139043 3.697263 3.919342 4.052159 4.162786 
step-144-loss : 3.927517 4.086370 4.176435 4.098877 3.953762 4.139775 3.698011 3.920520 4.053163 4.163970 
step-145-loss : 3.928734 4.087272 4.177226 4.099391 3.955038 4.140925 3.699046 3.921143 4.053814 4.165236 
step-146-loss : 3.929922 4.087970 4.177956 4.100163 3.955806 4.142118 3.699893 3.921854 4.054902 4.166140 
step-147-loss : 3.930987 4.088918 4.179218 4.101352 3.957018 4.143125 3.700800 3.922729 4.055750 4.166957 
step-148-loss : 3.931566 4.089775 4.180295 4.102013 3.958204 4.144085 3.701710 3.923553 4.056400 4.167943 
step-149-loss : 3.932516 4.090871 4.181800 4.102784 3.959286 4.144715 3.702436 3.923988 4.057271 4.168726 
step-150-loss : 3.933244 4.091757 4.182660 4.103370 3.960479 4.145645 3.703254 3.924886 4.057850 4.169751 
step-151-loss : 3.933724 4.092731 4.183418 4.104009 3.961708 4.146545 3.704404 3.925100 4.058286 4.170668 
step-152-loss : 3.934420 4.093385 4.184640 4.105043 3.962602 4.147229 3.704700 3.925992 4.059098 4.171028 
step-153-loss : 3.935143 4.094228 4.185435 4.105709 3.963523 4.148167 3.705214 3.926816 4.059870 4.171628 
step-154-loss : 3.935670 4.094744 4.185970 4.106265 3.964413 4.149250 3.705817 3.927748 4.060487 4.172216 
step-155-loss : 3.936084 4.095680 4.186532 4.107076 3.965456 4.150081 3.706842 3.928312 4.060874 4.172798 
step-156-loss : 3.936510 4.095872 4.187158 4.107688 3.966440 4.150544 3.707543 3.928774 4.061455 4.173069 
step-157-loss : 3.937117 4.096444 4.187715 4.108580 3.966652 4.151458 3.708226 3.929545 4.062295 4.173695 
step-158-loss : 3.937769 4.097070 4.188303 4.109284 3.967419 4.152022 3.709162 3.930144 4.062601 4.174397 
step-159-loss : 3.938301 4.097860 4.189168 4.109785 3.968034 4.152495 3.709653 3.930735 4.063092 4.175124 
step-160-loss : 3.938930 4.098209 4.189857 4.110296 3.968475 4.153328 3.710108 3.931465 4.063570 4.175649 
step-161-loss : 3.939232 4.098980 4.190600 4.110913 3.969046 4.153787 3.710476 3.931931 4.064303 4.176214 
step-162-loss : 3.939470 4.100212 4.191185 4.111581 3.969646 4.154320 3.710976 3.932368 4.064876 4.176852 
step-163-loss : 3.940208 4.101358 4.191543 4.112016 3.970551 4.155157 3.711811 3.933077 4.065479 4.177375 
step-164-loss : 3.940632 4.102168 4.192420 4.112403 3.971144 4.155749 3.712187 3.933340 4.065709 4.177972 
step-165-loss : 3.941375 4.102806 4.193096 4.113160 3.971845 4.156418 3.712583 3.933637 4.066140 4.178485 
step-166-loss : 3.941722 4.103546 4.193806 4.113972 3.972448 4.157086 3.713251 3.934189 4.066708 4.178981 
step-167-loss : 3.942060 4.104014 4.194264 4.114248 3.973277 4.157880 3.713572 3.934769 4.067129 4.179228 
step-168-loss : 3.942526 4.104675 4.194731 4.114942 3.973747 4.158131 3.714028 3.935355 4.067762 4.179764 
step-169-loss : 3.943002 4.105124 4.195369 4.115404 3.974386 4.158706 3.714380 3.935839 4.068536 4.180132 
step-170-loss : 3.943480 4.105695 4.195846 4.115744 3.975151 4.159214 3.714699 3.936174 4.069121 4.180552 
step-171-loss : 3.944106 4.106364 4.196391 4.116186 3.975504 4.159667 3.715133 3.936627 4.069330 4.181125 
step-172-loss : 3.944696 4.106758 4.196700 4.116716 3.976011 4.159887 3.715527 3.937304 4.069922 4.181732 
step-173-loss : 3.945011 4.107275 4.197351 4.117275 3.976682 4.160225 3.715997 3.937361 4.070359 4.181964 
step-174-loss : 3.945508 4.107696 4.197771 4.117647 3.977022 4.160490 3.716594 3.937769 4.070592 4.182215 
step-175-loss : 3.946147 4.108446 4.197912 4.118079 3.977512 4.160733 3.716879 3.937961 4.071063 4.182690 
step-176-loss : 3.946470 4.108883 4.198251 4.118527 3.977935 4.161263 3.717159 3.938290 4.071508 4.182914 
step-177-loss : 3.946922 4.109242 4.198500 4.119295 3.978212 4.161787 3.717499 3.938752 4.071724 4.183223 
step-178-loss : 3.947232 4.109864 4.198919 4.119506 3.978694 4.162136 3.717790 3.939099 4.072171 4.183409 
step-179-loss : 3.947476 4.110143 4.199466 4.119980 3.978828 4.162632 3.717820 3.939420 4.072345 4.183936 
step-180-loss : 3.947883 4.110367 4.199657 4.120051 3.979194 4.163047 3.717995 3.939418 4.072795 4.184235 
step-181-loss : 3.948200 4.110641 4.200021 4.120437 3.979692 4.163283 3.718046 3.939681 4.073240 4.184512 
step-182-loss : 3.948399 4.111092 4.200401 4.120790 3.980251 4.163538 3.718400 3.940133 4.073639 4.185031 
step-183-loss : 3.948694 4.111563 4.200779 4.120940 3.980709 4.163613 3.719125 3.940269 4.073996 4.185704 
step-184-loss : 3.948733 4.111961 4.200891 4.121369 3.980962 4.163956 3.719173 3.940547 4.074337 4.185971 
step-185-loss : 3.948844 4.112397 4.201187 4.121665 3.981156 4.164221 3.719559 3.940744 4.074634 4.186244 
step-186-loss : 3.948971 4.112739 4.201536 4.121936 3.981550 4.164473 3.719860 3.940930 4.075035 4.186306 
step-187-loss : 3.949180 4.112872 4.201810 4.122335 3.981928 4.164627 3.720137 3.941247 4.075399 4.186629 
step-188-loss : 3.949417 4.113335 4.202066 4.122683 3.982279 4.164894 3.720204 3.941471 4.075727 4.186858 
step-189-loss : 3.949485 4.113409 4.202425 4.123046 3.982701 4.165236 3.720265 3.941847 4.075953 4.187111 
step-190-loss : 3.949721 4.113734 4.202894 4.123418 3.983089 4.165343 3.720462 3.941952 4.076319 4.187549 
step-191-loss : 3.950056 4.113937 4.203223 4.123562 3.983455 4.165674 3.720671 3.942339 4.076491 4.187755 
step-192-loss : 3.950142 4.114098 4.203424 4.123826 3.983627 4.165895 3.720905 3.942481 4.076805 4.187983 
step-193-loss : 3.950429 4.114364 4.203838 4.123955 3.984012 4.165998 3.721059 3.942699 4.077039 4.188277 
step-194-loss : 3.950930 4.114595 4.204069 4.124177 3.984331 4.166219 3.721106 3.942854 4.077239 4.188570 
step-195-loss : 3.951165 4.114917 4.204492 4.124420 3.984695 4.166392 3.721588 3.943164 4.077375 4.188741 
step-196-loss : 3.951535 4.115271 4.204834 4.124624 3.985065 4.166553 3.721859 3.943325 4.077783 4.188951 
step-197-loss : 3.951808 4.115461 4.204923 4.124770 3.985388 4.166785 3.721991 3.943660 4.077823 4.189240 
step-198-loss : 3.951944 4.115777 4.205255 4.124937 3.985751 4.166932 3.722065 3.943771 4.077904 4.189538 
step-199-loss : 3.952257 4.116089 4.205397 4.125211 3.985953 4.167196 3.722210 3.943893 4.078198 4.189779 
step-200-loss : 3.952497 4.116479 4.205512 4.125583 3.986006 4.167317 3.722332 3.944268 4.078252 4.189864 
step-201-loss : 3.952611 4.116684 4.205843 4.125902 3.986403 4.167466 3.722548 3.944361 4.078444 4.190061 
step-202-loss : 3.952847 4.116890 4.205944 4.126035 3.986670 4.167500 3.722760 3.944625 4.078657 4.190221 
step-203-loss : 3.953095 4.117082 4.206024 4.126153 3.986809 4.167766 3.723038 3.944798 4.078876 4.190344 
step-204-loss : 3.953412 4.117324 4.206270 4.126429 3.986990 4.167869 3.723168 3.944916 4.078860 4.190660 
step-205-loss : 3.953554 4.117662 4.206477 4.126565 3.987122 4.167956 3.723392 3.945106 4.079100 4.190837 
step-206-loss : 3.953618 4.117931 4.206600 4.126660 3.987311 4.168015 3.723661 3.945323 4.079206 4.190995 
step-207-loss : 3.953857 4.118107 4.206790 4.126816 3.987479 4.168308 3.723855 3.945668 4.079310 4.191337 
step-208-loss : 3.953908 4.118267 4.206943 4.126866 3.987590 4.168558 3.723957 3.945831 4.079365 4.191442 
step-209-loss : 3.953998 4.118457 4.207054 4.126948 3.987737 4.168638 3.723997 3.946050 4.079496 4.191563 
step-210-loss : 3.954102 4.118507 4.207212 4.127079 3.987928 4.168710 3.724085 3.946209 4.079634 4.191730 
step-211-loss : 3.954261 4.118542 4.207499 4.127361 3.988142 4.168725 3.724154 3.946275 4.079624 4.191888 
step-212-loss : 3.954492 4.118697 4.207574 4.127527 3.988213 4.168744 3.724289 3.946367 4.079840 4.192030 
step-213-loss : 3.954581 4.118770 4.207852 4.127579 3.988297 4.168855 3.724457 3.946598 4.079941 4.192077 
step-214-loss : 3.954736 4.118812 4.207950 4.127697 3.988518 4.168909 3.724608 3.946706 4.080005 4.192244 
step-215-loss : 3.954931 4.118894 4.208027 4.127960 3.988731 4.169075 3.724770 3.946744 4.080156 4.192329 
step-216-loss : 3.955029 4.119105 4.208122 4.128017 3.988850 4.169321 3.724822 3.946853 4.080243 4.192427 
step-217-loss : 3.955075 4.119308 4.208182 4.128181 3.989093 4.169564 3.724854 3.946949 4.080377 4.192430 
step-218-loss : 3.955311 4.119426 4.208346 4.128236 3.989267 4.169657 3.724968 3.947073 4.080508 4.192653 
step-219-loss : 3.955368 4.119551 4.208345 4.128361 3.989377 4.169787 3.725073 3.947156 4.080454 4.192789 
step-220-loss : 3.955515 4.119713 4.208478 4.128448 3.989456 4.169810 3.725204 3.947258 4.080571 4.192859 
step-221-loss : 3.955665 4.119724 4.208635 4.128630 3.989571 4.169948 3.725278 3.947330 4.080620 4.193043 
step-222-loss : 3.955736 4.119903 4.208683 4.128714 3.989697 4.169933 3.725374 3.947387 4.080709 4.193105 
step-223-loss : 3.955875 4.120010 4.208799 4.128772 3.989789 4.170117 3.725409 3.947454 4.080784 4.193210 
step-224-loss : 3.955917 4.120164 4.208921 4.128883 3.989855 4.170223 3.725539 3.947495 4.080868 4.193308 
step-225-loss : 3.956123 4.120171 4.209026 4.128902 3.989921 4.170329 3.725554 3.947554 4.080980 4.193331 
step-226-loss : 3.956257 4.120340 4.209029 4.129051 3.990017 4.170350 3.725627 3.947501 4.081039 4.193510 
step-227-loss : 3.956322 4.120356 4.209143 4.129153 3.990061 4.170378 3.725651 3.947531 4.080991 4.193634 
step-228-loss : 3.956386 4.120500 4.209158 4.129237 3.990172 4.170461 3.725708 3.947611 4.081169 4.193605 
step-229-loss : 3.956457 4.120505 4.209301 4.129268 3.990238 4.170510 3.725686 3.947734 4.081120 4.193700 
step-230-loss : 3.956507 4.120609 4.209422 4.129307 3.990324 4.170679 3.725664 3.947797 4.081113 4.193783 
step-231-loss : 3.956547 4.120664 4.209388 4.129430 3.990461 4.170799 3.725803 3.947792 4.081074 4.193769 
step-232-loss : 3.956599 4.120706 4.209509 4.129527 3.990501 4.170832 3.725932 3.947924 4.081226 4.193851 
step-233-loss : 3.956658 4.120736 4.209525 4.129482 3.990496 4.170974 3.725882 3.947941 4.081155 4.193929 
step-234-loss : 3.956700 4.120819 4.209518 4.129591 3.990697 4.171020 3.725931 3.947981 4.081295 4.193962 
step-235-loss : 3.956732 4.120858 4.209628 4.129673 3.990858 4.171079 3.725973 3.948089 4.081283 4.193948 
step-236-loss : 3.956865 4.120849 4.209749 4.129732 3.990848 4.171165 3.725966 3.948082 4.081347 4.194037 
step-237-loss : 3.956850 4.120941 4.209777 4.129764 3.990913 4.171217 3.726010 3.948059 4.081369 4.194026 
step-238-loss : 3.956852 4.121075 4.209768 4.129787 3.990963 4.171241 3.726033 3.948066 4.081481 4.194160 
step-239-loss : 3.956736 4.121037 4.209773 4.129821 3.990964 4.171247 3.726059 3.948057 4.081605 4.194151 
step-240-loss : 3.956843 4.121107 4.209817 4.129786 3.991057 4.171337 3.726026 3.948057 4.081643 4.194178 
step-241-loss : 3.956834 4.121133 4.209855 4.129870 3.991036 4.171278 3.726089 3.948074 4.081595 4.194209 
step-242-loss : 3.956823 4.121121 4.209867 4.129880 3.991088 4.171333 3.726088 3.948113 4.081623 4.194251 
step-243-loss : 3.956820 4.121201 4.209927 4.129936 3.991088 4.171379 3.726160 3.948121 4.081621 4.194257 
step-244-loss : 3.956876 4.121232 4.209943 4.129911 3.991076 4.171360 3.726229 3.948143 4.081615 4.194322 
step-245-loss : 3.956958 4.121263 4.209964 4.129986 3.991122 4.171399 3.726221 3.948150 4.081656 4.194305 
step-246-loss : 3.956917 4.121232 4.209992 4.130006 3.991120 4.171379 3.726216 3.948137 4.081632 4.194280 
step-247-loss : 3.956934 4.121320 4.209965 4.129974 3.991166 4.171367 3.726226 3.948163 4.081654 4.194326 
step-248-loss : 3.956962 4.121249 4.209959 4.129973 3.991192 4.171393 3.726270 3.948186 4.081632 4.194355 
step-249-loss : 3.956928 4.121264 4.209991 4.129953 3.991191 4.171394 3.726262 3.948221 4.081642 4.194329 
