step-0-loss : 4.009080 3.970085 4.053239 3.893930 3.874111 4.145877 3.806157 4.062717 4.006840 4.129156 
step-1-loss : 3.971624 3.988169 4.045415 3.924016 3.904074 4.099302 3.817258 4.059743 4.001594 4.160341 
step-2-loss : 3.951240 4.014225 4.126189 3.938525 3.901744 4.124845 3.810788 3.989954 4.051276 4.175981 
step-3-loss : 3.913064 4.052754 4.147900 3.971624 3.885795 4.141901 3.842335 3.999454 4.074560 4.150565 
step-4-loss : 3.892718 4.041984 4.122540 3.941181 3.856610 4.151668 3.836977 4.049777 4.037904 4.174396 
step-5-loss : 3.901888 4.027963 4.088958 3.989568 3.885402 4.144634 3.868336 4.043588 4.061060 4.150726 
step-6-loss : 3.892260 4.055082 4.096332 3.987376 3.883919 4.156099 3.851491 4.069487 4.075418 4.153112 
step-7-loss : 3.880653 4.042013 4.089698 3.973548 3.890340 4.138162 3.856800 4.055044 4.078594 4.147732 
step-8-loss : 3.886648 4.037112 4.084701 3.968338 3.918096 4.131498 3.853325 4.038804 4.072257 4.167709 
step-9-loss : 3.882045 4.080163 4.054835 3.971747 3.898535 4.144916 3.854242 4.049203 4.084054 4.184040 
step-10-loss : 3.912738 4.095296 4.093768 3.971463 3.911931 4.158270 3.822023 4.031021 4.101435 4.194509 
step-11-loss : 3.934841 4.117302 4.093699 3.989349 3.913729 4.132432 3.812346 4.006767 4.102314 4.233486 
step-12-loss : 3.946531 4.141277 4.097177 4.009890 3.906513 4.135774 3.809549 3.991821 4.082191 4.233079 
step-13-loss : 3.928814 4.107941 4.127136 3.994781 3.919519 4.120931 3.815517 3.994201 4.076982 4.218800 
step-14-loss : 3.935705 4.115340 4.118045 4.010824 3.925837 4.127641 3.807975 3.989667 4.099753 4.212595 
step-15-loss : 3.948611 4.097548 4.131478 4.025924 3.942873 4.131250 3.803677 3.998379 4.092654 4.204419 
step-16-loss : 3.963246 4.106316 4.142796 4.043894 3.943045 4.152957 3.807013 3.977411 4.086447 4.202208 
step-17-loss : 3.966197 4.100420 4.140527 4.044548 3.933033 4.146582 3.796283 4.006657 4.080528 4.204204 
step-18-loss : 3.979377 4.107733 4.132962 4.046077 3.949496 4.164701 3.781133 3.993063 4.081442 4.226616 
step-19-loss : 3.963991 4.090953 4.135509 4.064178 3.946876 4.163831 3.782614 3.991943 4.063879 4.216210 
step-20-loss : 3.954355 4.086376 4.138763 4.064144 3.952042 4.134283 3.780263 3.988396 4.059509 4.219636 
step-21-loss : 3.966748 4.104110 4.136954 4.058752 3.948581 4.157310 3.780080 3.980446 4.039404 4.229818 
step-22-loss : 3.959339 4.114004 4.149674 4.079750 3.952884 4.155849 3.765253 3.981747 4.034544 4.234741 
step-23-loss : 3.951558 4.106247 4.157776 4.088646 3.952377 4.158002 3.760560 3.993962 4.033674 4.227542 
step-24-loss : 3.953652 4.097980 4.139927 4.091484 3.947735 4.149814 3.754389 3.982101 4.049378 4.223378 
step-25-loss : 3.957829 4.092275 4.140415 4.104631 3.945314 4.156070 3.766114 3.981195 4.061326 4.220086 
step-26-loss : 3.957811 4.092214 4.150829 4.100769 3.953450 4.157991 3.760075 3.964356 4.061839 4.220366 
step-27-loss : 3.967498 4.107814 4.152162 4.084183 3.969331 4.148854 3.750649 3.946060 4.061857 4.226421 
step-28-loss : 3.960947 4.107958 4.152551 4.104820 3.970606 4.139749 3.744698 3.944901 4.066934 4.226361 
step-29-loss : 3.965508 4.104091 4.163704 4.113218 3.975077 4.145431 3.749890 3.956683 4.073081 4.219515 
step-30-loss : 3.966227 4.111290 4.168510 4.117844 3.973329 4.146296 3.739309 3.952994 4.075370 4.211105 
step-31-loss : 3.958353 4.117039 4.162223 4.107777 3.967665 4.144883 3.751059 3.951469 4.084964 4.208309 
step-32-loss : 3.959317 4.108694 4.166618 4.109970 3.972564 4.147521 3.747253 3.956120 4.091858 4.213791 
step-33-loss : 3.950503 4.107129 4.175524 4.105125 3.975392 4.142682 3.745959 3.950885 4.090973 4.212144 
step-34-loss : 3.949253 4.103483 4.176131 4.105462 3.977711 4.145642 3.743797 3.945595 4.096917 4.215747 
step-35-loss : 3.941353 4.114922 4.182288 4.103803 3.979907 4.152467 3.745163 3.943974 4.090798 4.206468 
step-36-loss : 3.952543 4.109296 4.189553 4.095778 3.979692 4.155452 3.751585 3.937057 4.091632 4.204167 
step-37-loss : 3.941414 4.109002 4.187195 4.100589 3.981932 4.156504 3.747929 3.943048 4.102932 4.200363 
step-38-loss : 3.944508 4.112810 4.182646 4.106531 3.982422 4.161881 3.748999 3.950262 4.090791 4.192513 
step-39-loss : 3.943456 4.107958 4.193327 4.101430 3.987260 4.171576 3.752882 3.947723 4.087885 4.201887 
step-40-loss : 3.943901 4.115741 4.185819 4.102738 3.982783 4.172982 3.751108 3.939078 4.080426 4.210358 
step-41-loss : 3.948478 4.117320 4.192887 4.105030 3.984293 4.171171 3.745710 3.943387 4.071202 4.219587 
step-42-loss : 3.945529 4.124679 4.192496 4.100257 3.986134 4.174057 3.747025 3.942051 4.070427 4.216243 
step-43-loss : 3.941386 4.129937 4.191458 4.100316 3.987452 4.172692 3.746105 3.942030 4.068937 4.215570 
step-44-loss : 3.938812 4.136267 4.188383 4.092326 3.985490 4.177063 3.745991 3.941498 4.070205 4.209333 
step-45-loss : 3.939708 4.137663 4.196080 4.095682 3.987761 4.180616 3.745957 3.946080 4.071663 4.211572 
step-46-loss : 3.940920 4.130378 4.203155 4.104380 3.986991 4.179875 3.750339 3.944619 4.067448 4.213647 
step-47-loss : 3.940174 4.123474 4.202991 4.106874 3.986471 4.179074 3.753438 3.943369 4.077901 4.209548 
step-48-loss : 3.941630 4.119347 4.200025 4.106071 3.988601 4.179834 3.745945 3.944693 4.074235 4.208656 
step-49-loss : 3.947324 4.112685 4.196836 4.104786 3.992622 4.176443 3.745867 3.951204 4.080291 4.204713 
step-50-loss : 3.947793 4.107288 4.195503 4.108057 3.993199 4.173485 3.740945 3.954087 4.083641 4.204854 
step-51-loss : 3.947945 4.105986 4.201834 4.107021 3.993235 4.174819 3.740588 3.953388 4.082104 4.204646 
step-52-loss : 3.943406 4.111563 4.201907 4.112422 3.991124 4.170351 3.746560 3.956064 4.076752 4.208021 
step-53-loss : 3.946664 4.111981 4.201926 4.110415 3.993298 4.177531 3.745376 3.952658 4.077909 4.202884 
step-54-loss : 3.950545 4.116893 4.203773 4.114444 3.993296 4.179832 3.746008 3.951859 4.079713 4.204493 
step-55-loss : 3.951780 4.118323 4.199223 4.118146 3.995160 4.184122 3.743325 3.953635 4.076499 4.202991 
step-56-loss : 3.953890 4.122897 4.198109 4.119839 3.995694 4.180998 3.744556 3.953673 4.076395 4.205232 
step-57-loss : 3.952858 4.126704 4.196026 4.126450 3.996754 4.178015 3.743809 3.951016 4.078077 4.205544 
step-58-loss : 3.952905 4.127867 4.198432 4.122506 3.997365 4.178357 3.745897 3.952446 4.071110 4.206430 
step-59-loss : 3.953943 4.129927 4.198076 4.125616 3.999847 4.181108 3.739911 3.951462 4.068708 4.207726 
step-60-loss : 3.954627 4.130653 4.198538 4.125531 3.995843 4.179679 3.736019 3.950330 4.064555 4.210167 
step-61-loss : 3.951400 4.134090 4.199881 4.126766 3.994526 4.176952 3.729345 3.947404 4.066702 4.207679 
step-62-loss : 3.953485 4.134035 4.197794 4.131043 3.993401 4.177515 3.725716 3.944946 4.069261 4.204865 
step-63-loss : 3.951385 4.130973 4.197786 4.131543 3.993722 4.174547 3.728259 3.944409 4.066432 4.207614 
step-64-loss : 3.951220 4.132360 4.195539 4.129007 3.993788 4.170858 3.727651 3.945554 4.059397 4.200238 
step-65-loss : 3.951136 4.132300 4.195385 4.131336 3.994598 4.172297 3.728819 3.943733 4.060631 4.201606 
step-66-loss : 3.947945 4.130016 4.191910 4.131998 3.997228 4.170395 3.728639 3.943517 4.061770 4.201586 
step-67-loss : 3.947886 4.130605 4.191831 4.133989 3.998949 4.171032 3.731051 3.945264 4.060491 4.199088 
step-68-loss : 3.952843 4.132949 4.191792 4.136554 3.997088 4.173850 3.729111 3.945771 4.062765 4.198271 
step-69-loss : 3.950570 4.132661 4.193339 4.135049 3.989883 4.172751 3.728822 3.947902 4.063631 4.197381 
step-70-loss : 3.947763 4.130273 4.194732 4.132866 3.988969 4.172639 3.727820 3.947631 4.064366 4.197088 
step-71-loss : 3.948107 4.127502 4.196851 4.129606 3.990723 4.170846 3.728013 3.948963 4.067564 4.200480 
step-72-loss : 3.947195 4.127310 4.198018 4.129079 3.990094 4.171608 3.729349 3.946993 4.068962 4.205002 
step-73-loss : 3.947976 4.124493 4.201456 4.126970 3.989041 4.169495 3.728841 3.946436 4.069114 4.203406 
step-74-loss : 3.948152 4.121240 4.202580 4.125825 3.985126 4.166034 3.726593 3.946592 4.071217 4.204416 
step-75-loss : 3.947563 4.119952 4.201351 4.124454 3.985352 4.168670 3.723441 3.947027 4.072436 4.204102 
step-76-loss : 3.948885 4.122068 4.203509 4.125017 3.985593 4.170880 3.726092 3.948342 4.075017 4.204625 
step-77-loss : 3.947593 4.123606 4.204064 4.126261 3.984703 4.172322 3.724989 3.949226 4.073414 4.200364 
step-78-loss : 3.950456 4.121306 4.205577 4.125447 3.986928 4.174056 3.727481 3.950029 4.073354 4.198866 
step-79-loss : 3.950834 4.120096 4.206835 4.126002 3.986737 4.176163 3.726474 3.950723 4.074256 4.199060 
step-80-loss : 3.950314 4.122567 4.206537 4.123677 3.988084 4.175498 3.728556 3.951768 4.074470 4.199291 
step-81-loss : 3.948735 4.122364 4.205013 4.122942 3.988124 4.175076 3.729075 3.953190 4.078952 4.199605 
step-82-loss : 3.946945 4.122765 4.203180 4.124439 3.987828 4.174942 3.728889 3.954221 4.078132 4.200241 
step-83-loss : 3.948134 4.121740 4.202951 4.125043 3.988708 4.175365 3.728132 3.952263 4.078901 4.200608 
step-84-loss : 3.949104 4.121926 4.204474 4.127158 3.987469 4.175084 3.728086 3.950476 4.079160 4.199262 
step-85-loss : 3.949375 4.120649 4.204082 4.129425 3.986582 4.174722 3.729566 3.951188 4.080569 4.198532 
step-86-loss : 3.949646 4.121150 4.205383 4.128913 3.985964 4.176497 3.727796 3.951032 4.080803 4.199310 
step-87-loss : 3.950331 4.122379 4.206941 4.125807 3.986748 4.176560 3.727473 3.950865 4.082505 4.200760 
step-88-loss : 3.949193 4.120358 4.206903 4.124243 3.986676 4.177518 3.727545 3.949551 4.083444 4.199712 
step-89-loss : 3.950944 4.121380 4.207136 4.124084 3.984619 4.177927 3.727171 3.951760 4.083055 4.200351 
step-90-loss : 3.951209 4.121251 4.207017 4.123718 3.985627 4.178247 3.728160 3.952909 4.082401 4.200307 
step-91-loss : 3.950862 4.120086 4.205702 4.123085 3.983641 4.177763 3.727550 3.953648 4.082044 4.198503 
step-92-loss : 3.951137 4.119867 4.206182 4.122795 3.983675 4.176376 3.726912 3.954355 4.081336 4.198161 
step-93-loss : 3.950668 4.120010 4.205744 4.124378 3.983787 4.176348 3.726528 3.953226 4.082929 4.197222 
step-94-loss : 3.952313 4.119970 4.204552 4.126173 3.983345 4.175772 3.725843 3.951576 4.082425 4.195928 
step-95-loss : 3.952995 4.119777 4.204187 4.126104 3.983442 4.176316 3.726027 3.950441 4.082215 4.197310 
step-96-loss : 3.954212 4.119315 4.203687 4.125904 3.983181 4.174631 3.726810 3.952106 4.081392 4.198335 
step-97-loss : 3.954671 4.117479 4.202534 4.125751 3.982990 4.173840 3.727320 3.950652 4.083281 4.196138 
step-98-loss : 3.954744 4.117275 4.202535 4.127001 3.982025 4.174550 3.727071 3.950214 4.084738 4.195998 
step-99-loss : 3.953884 4.116826 4.202640 4.126017 3.982075 4.173559 3.726614 3.950245 4.085043 4.195182 
step-100-loss : 3.953932 4.117034 4.203156 4.125976 3.982410 4.173802 3.727249 3.951166 4.085669 4.194921 
step-101-loss : 3.954491 4.117865 4.203010 4.126173 3.983011 4.173594 3.726567 3.951540 4.084816 4.195627 
step-102-loss : 3.953635 4.117615 4.203382 4.127850 3.983469 4.172776 3.725376 3.950680 4.084952 4.193674 
step-103-loss : 3.953263 4.117604 4.204943 4.129195 3.983349 4.172549 3.725790 3.949930 4.085960 4.194309 
step-104-loss : 3.953638 4.116608 4.204601 4.130235 3.984388 4.172711 3.725470 3.949184 4.085666 4.194139 
step-105-loss : 3.955213 4.117719 4.205182 4.131669 3.983914 4.173861 3.726693 3.948296 4.086063 4.194855 
step-106-loss : 3.954891 4.118319 4.205992 4.131032 3.984703 4.174026 3.725595 3.948810 4.086644 4.195475 
step-107-loss : 3.955833 4.117913 4.205568 4.130552 3.985110 4.173606 3.725506 3.949418 4.086448 4.195688 
step-108-loss : 3.956066 4.117137 4.204852 4.130342 3.985139 4.172756 3.725154 3.948921 4.085993 4.195810 
step-109-loss : 3.955924 4.117490 4.204609 4.130325 3.985101 4.173750 3.724590 3.948436 4.085054 4.196134 
step-110-loss : 3.956346 4.118418 4.204382 4.130403 3.984313 4.173293 3.723791 3.948787 4.084414 4.197371 
step-111-loss : 3.956239 4.118184 4.204070 4.130608 3.985131 4.172777 3.723547 3.949702 4.084980 4.198108 
step-112-loss : 3.956402 4.118189 4.203930 4.130065 3.984812 4.172855 3.723829 3.949321 4.084398 4.198218 
step-113-loss : 3.956095 4.117792 4.203772 4.129478 3.985282 4.172441 3.724404 3.949641 4.084697 4.198586 
step-114-loss : 3.955379 4.117465 4.203985 4.129341 3.985159 4.172253 3.724243 3.949239 4.084534 4.198520 
step-115-loss : 3.955659 4.118177 4.204065 4.129779 3.985469 4.172783 3.723940 3.948448 4.085070 4.198487 
step-116-loss : 3.955434 4.117688 4.205063 4.129543 3.984929 4.172063 3.724060 3.948567 4.085294 4.197573 
step-117-loss : 3.955180 4.117997 4.204988 4.129483 3.985083 4.171957 3.724053 3.949530 4.084797 4.198127 
step-118-loss : 3.955102 4.117583 4.205171 4.129787 3.984932 4.172226 3.723743 3.949960 4.085152 4.198115 
step-119-loss : 3.954701 4.117744 4.206775 4.130001 3.985173 4.171361 3.724552 3.949400 4.084186 4.197119 
step-120-loss : 3.954991 4.118200 4.206910 4.129869 3.985358 4.172159 3.724082 3.949378 4.084700 4.197350 
step-121-loss : 3.955704 4.119131 4.207082 4.130077 3.985626 4.172346 3.724472 3.948953 4.084004 4.196485 
step-122-loss : 3.955510 4.119136 4.206952 4.130727 3.985722 4.172616 3.724654 3.948712 4.083629 4.195896 
step-123-loss : 3.955466 4.118828 4.207344 4.131147 3.985667 4.172414 3.724862 3.948454 4.083452 4.195591 
step-124-loss : 3.954871 4.118906 4.206961 4.131027 3.985649 4.172376 3.725420 3.948107 4.083959 4.195839 
step-125-loss : 3.955232 4.118688 4.206790 4.131253 3.985609 4.171829 3.724670 3.948392 4.084797 4.195649 
step-126-loss : 3.954895 4.119107 4.207587 4.130673 3.985378 4.171532 3.724979 3.948859 4.084232 4.195316 
step-127-loss : 3.955290 4.119213 4.207650 4.129959 3.985207 4.171592 3.724607 3.948849 4.084146 4.195927 
step-128-loss : 3.955986 4.119125 4.207711 4.129868 3.985733 4.171025 3.724849 3.949313 4.084205 4.196311 
step-129-loss : 3.955994 4.119089 4.207869 4.129651 3.985797 4.170897 3.725271 3.949111 4.083975 4.196536 
step-130-loss : 3.956218 4.119092 4.207574 4.129477 3.986386 4.170903 3.726263 3.949059 4.083910 4.196444 
step-131-loss : 3.956653 4.119953 4.207442 4.129380 3.986790 4.170753 3.726727 3.949089 4.084373 4.196152 
step-132-loss : 3.956468 4.119900 4.208065 4.129773 3.987007 4.170411 3.726555 3.949174 4.083959 4.195186 
step-133-loss : 3.956339 4.119586 4.208582 4.129522 3.987190 4.170458 3.726260 3.948860 4.083465 4.195696 
step-134-loss : 3.956171 4.119187 4.208091 4.129657 3.987608 4.170442 3.726315 3.948371 4.083328 4.195772 
step-135-loss : 3.956196 4.119743 4.207829 4.129246 3.987735 4.170970 3.726454 3.948464 4.083209 4.195517 
step-136-loss : 3.956085 4.120319 4.207794 4.129335 3.987839 4.171483 3.726080 3.948194 4.083389 4.195460 
step-137-loss : 3.955698 4.120676 4.208068 4.129653 3.988139 4.171754 3.726438 3.948095 4.083187 4.195726 
step-138-loss : 3.955645 4.120302 4.207523 4.129731 3.988147 4.171407 3.726216 3.948654 4.083641 4.195352 
step-139-loss : 3.955727 4.120631 4.207836 4.130029 3.988158 4.171093 3.725912 3.948594 4.083601 4.195370 
step-140-loss : 3.955921 4.120376 4.207411 4.129566 3.988059 4.171318 3.725589 3.948460 4.083304 4.195388 
step-141-loss : 3.956018 4.120369 4.207377 4.129750 3.988346 4.171215 3.725298 3.948372 4.083179 4.194998 
step-142-loss : 3.956042 4.120817 4.206918 4.130309 3.987937 4.171231 3.725664 3.948328 4.083586 4.194583 
step-143-loss : 3.956431 4.120767 4.207543 4.130545 3.988000 4.171160 3.725276 3.948156 4.083773 4.194173 
step-144-loss : 3.956738 4.120916 4.207878 4.130483 3.988126 4.171253 3.725200 3.947863 4.083087 4.194290 
step-145-loss : 3.956844 4.120781 4.207984 4.130058 3.988142 4.170956 3.725069 3.948191 4.083234 4.194534 
step-146-loss : 3.957227 4.120647 4.207911 4.129671 3.988361 4.171223 3.725173 3.947966 4.082955 4.194881 
step-147-loss : 3.957517 4.120339 4.207627 4.129630 3.988187 4.171510 3.725250 3.947891 4.083140 4.194896 
step-148-loss : 3.957766 4.120299 4.207950 4.129898 3.988400 4.171575 3.725413 3.947961 4.083122 4.194820 
step-149-loss : 3.957476 4.120262 4.208268 4.129722 3.988607 4.171626 3.725619 3.947956 4.082931 4.194987 
step-150-loss : 3.957655 4.120440 4.208800 4.129641 3.988783 4.171448 3.725577 3.947676 4.083004 4.194926 
step-151-loss : 3.957618 4.120427 4.208895 4.129411 3.989122 4.171564 3.725688 3.947874 4.082803 4.195235 
step-152-loss : 3.957336 4.120548 4.208883 4.129245 3.989412 4.171703 3.726117 3.947320 4.082510 4.195285 
step-153-loss : 3.957319 4.120347 4.209365 4.129519 3.989423 4.171638 3.725852 3.947605 4.082524 4.194888 
step-154-loss : 3.957357 4.120357 4.209395 4.129369 3.989606 4.171774 3.725647 3.947756 4.082580 4.194808 
step-155-loss : 3.957216 4.120089 4.209159 4.129251 3.989681 4.172145 3.725652 3.948072 4.082419 4.194680 
step-156-loss : 3.956959 4.120265 4.209039 4.129352 3.990011 4.172257 3.726040 3.947955 4.082194 4.194589 
step-157-loss : 3.956752 4.119650 4.208973 4.129266 3.990206 4.172066 3.726122 3.947827 4.082183 4.194193 
step-158-loss : 3.956760 4.119517 4.208852 4.129483 3.989690 4.172359 3.726294 3.947972 4.082340 4.194153 
step-159-loss : 3.956756 4.119514 4.208793 4.129558 3.989753 4.172213 3.726607 3.948008 4.082033 4.194270 
step-160-loss : 3.956672 4.119535 4.208957 4.129383 3.989658 4.172107 3.726598 3.948110 4.081948 4.194312 
step-161-loss : 3.956753 4.119227 4.209045 4.129314 3.989417 4.172317 3.726496 3.948234 4.081783 4.194286 
step-162-loss : 3.956479 4.119372 4.209148 4.129283 3.989388 4.172112 3.726353 3.948240 4.081919 4.194226 
step-163-loss : 3.956114 4.119956 4.209177 4.129449 3.989326 4.172143 3.726386 3.948146 4.081916 4.194314 
step-164-loss : 3.956343 4.120518 4.208999 4.129335 3.989687 4.172383 3.726668 3.948329 4.082003 4.194258 
step-165-loss : 3.956304 4.120697 4.209289 4.129117 3.989603 4.172447 3.726653 3.948063 4.081691 4.194383 
step-166-loss : 3.956474 4.120753 4.209520 4.129366 3.989665 4.172567 3.726535 3.947898 4.081610 4.194384 
step-167-loss : 3.956393 4.120999 4.209683 4.129656 3.989769 4.172761 3.726742 3.947977 4.081682 4.194307 
step-168-loss : 3.956335 4.120834 4.209638 4.129523 3.989997 4.173055 3.726670 3.948135 4.081654 4.194148 
step-169-loss : 3.956266 4.120975 4.209624 4.129610 3.989954 4.172764 3.726698 3.948286 4.081764 4.194115 
step-170-loss : 3.956299 4.120928 4.209738 4.129630 3.990045 4.172897 3.726631 3.948367 4.082080 4.194098 
step-171-loss : 3.956304 4.120991 4.209741 4.129551 3.990355 4.172894 3.726583 3.948212 4.082252 4.194024 
step-172-loss : 3.956518 4.121171 4.209806 4.129515 3.990185 4.172905 3.726624 3.948372 4.082107 4.194110 
step-173-loss : 3.956678 4.121026 4.209777 4.129509 3.990251 4.172685 3.726622 3.948632 4.082217 4.194306 
step-174-loss : 3.956665 4.121068 4.209921 4.129727 3.990397 4.172604 3.726757 3.948321 4.082253 4.194145 
step-175-loss : 3.956778 4.121075 4.209979 4.129643 3.990325 4.172458 3.726944 3.948347 4.082130 4.193957 
step-176-loss : 3.957009 4.121376 4.209672 4.129682 3.990365 4.172301 3.726870 3.948191 4.082231 4.194036 
step-177-loss : 3.956984 4.121386 4.209613 4.129721 3.990364 4.172552 3.726866 3.948131 4.082277 4.193912 
step-178-loss : 3.957068 4.121230 4.209442 4.130091 3.990219 4.172622 3.726857 3.948373 4.082059 4.193892 
step-179-loss : 3.956958 4.121506 4.209533 4.130060 3.990280 4.172615 3.726786 3.948366 4.082202 4.193648 
step-180-loss : 3.956907 4.121340 4.209654 4.130069 3.989959 4.172696 3.726549 3.948322 4.082039 4.193815 
step-181-loss : 3.957026 4.121208 4.209546 4.129780 3.989982 4.172747 3.726369 3.947932 4.082157 4.193791 
step-182-loss : 3.957007 4.121164 4.209571 4.129924 3.990111 4.172648 3.726159 3.947974 4.082292 4.193798 
step-183-loss : 3.956934 4.121177 4.209612 4.129825 3.990329 4.172620 3.726242 3.948146 4.082288 4.193935 
step-184-loss : 3.956918 4.121279 4.209611 4.129763 3.990379 4.172364 3.726659 3.947983 4.082362 4.194307 
step-185-loss : 3.956636 4.121385 4.209452 4.129880 3.990321 4.172402 3.726502 3.947980 4.082379 4.194216 
step-186-loss : 3.956478 4.121448 4.209398 4.129836 3.990182 4.172383 3.726590 3.947923 4.082426 4.194187 
step-187-loss : 3.956235 4.121485 4.209441 4.129774 3.990185 4.172249 3.726574 3.947831 4.082609 4.194053 
step-188-loss : 3.956216 4.121260 4.209519 4.129875 3.990303 4.172100 3.726649 3.947912 4.082641 4.194005 
step-189-loss : 3.956150 4.121423 4.209425 4.129912 3.990348 4.172198 3.726458 3.947896 4.082747 4.193996 
step-190-loss : 3.956003 4.121250 4.209471 4.130035 3.990406 4.172231 3.726262 3.947932 4.082664 4.193988 
step-191-loss : 3.955952 4.121266 4.209688 4.130208 3.990510 4.172055 3.726285 3.947905 4.082783 4.194155 
step-192-loss : 3.956072 4.121144 4.209786 4.130085 3.990596 4.172155 3.726235 3.947950 4.082703 4.194113 
step-193-loss : 3.955873 4.121019 4.209760 4.130059 3.990547 4.172064 3.726254 3.947940 4.082806 4.194067 
step-194-loss : 3.956114 4.121000 4.209874 4.129945 3.990611 4.171942 3.726193 3.947976 4.082830 4.194100 
step-195-loss : 3.956282 4.120944 4.209823 4.129933 3.990675 4.171833 3.726005 3.947885 4.082680 4.194137 
step-196-loss : 3.956281 4.121038 4.209990 4.129883 3.990781 4.171891 3.726280 3.947979 4.082595 4.194203 
step-197-loss : 3.956431 4.121080 4.210135 4.129894 3.990877 4.171721 3.726409 3.947986 4.082804 4.194088 
step-198-loss : 3.956506 4.121122 4.210032 4.129809 3.990920 4.171802 3.726393 3.948143 4.082631 4.194242 
step-199-loss : 3.956452 4.121219 4.210053 4.129726 3.991151 4.171741 3.726267 3.948005 4.082570 4.194274 
step-200-loss : 3.956584 4.121247 4.210042 4.129853 3.991062 4.171791 3.726228 3.947942 4.082592 4.194351 
step-201-loss : 3.956646 4.121425 4.209960 4.129962 3.990886 4.171749 3.726141 3.948205 4.082510 4.194211 
step-202-loss : 3.956549 4.121427 4.210194 4.130103 3.991076 4.171698 3.726195 3.948082 4.082483 4.194262 
step-203-loss : 3.956645 4.121405 4.210079 4.130116 3.991118 4.171562 3.726241 3.948161 4.082503 4.194170 
step-204-loss : 3.956800 4.121338 4.209926 4.130033 3.991091 4.171608 3.726408 3.948193 4.082551 4.194148 
step-205-loss : 3.956905 4.121428 4.209952 4.130036 3.991061 4.171605 3.726328 3.948172 4.082335 4.194252 
step-206-loss : 3.956836 4.121542 4.210026 4.130045 3.991077 4.171456 3.726366 3.948149 4.082462 4.194300 
step-207-loss : 3.956789 4.121603 4.209922 4.130017 3.991021 4.171375 3.726527 3.948274 4.082406 4.194303 
step-208-loss : 3.956877 4.121592 4.209939 4.129951 3.990904 4.171385 3.726552 3.948438 4.082376 4.194447 
step-209-loss : 3.956726 4.121574 4.209917 4.129829 3.990919 4.171494 3.726533 3.948528 4.082299 4.194345 
step-210-loss : 3.956622 4.121587 4.209894 4.129750 3.990875 4.171437 3.726441 3.948611 4.082229 4.194310 
step-211-loss : 3.956556 4.121490 4.209939 4.129766 3.990847 4.171421 3.726370 3.948593 4.082161 4.194403 
step-212-loss : 3.956549 4.121357 4.210119 4.129832 3.990925 4.171280 3.726314 3.948455 4.082079 4.194396 
step-213-loss : 3.956726 4.121318 4.209970 4.129940 3.990862 4.171152 3.726347 3.948447 4.082113 4.194409 
step-214-loss : 3.956733 4.121318 4.210137 4.129831 3.990801 4.171098 3.726409 3.948542 4.082132 4.194319 
step-215-loss : 3.956699 4.121218 4.210121 4.129848 3.990882 4.171082 3.726501 3.948586 4.081991 4.194331 
step-216-loss : 3.956833 4.121146 4.210102 4.129985 3.990932 4.171117 3.726515 3.948506 4.082044 4.194309 
step-217-loss : 3.956846 4.121201 4.210012 4.129902 3.990944 4.171262 3.726404 3.948495 4.081998 4.194297 
step-218-loss : 3.956768 4.121258 4.210027 4.129907 3.991034 4.171352 3.726393 3.948513 4.082001 4.194168 
step-219-loss : 3.956863 4.121305 4.210023 4.129882 3.991167 4.171274 3.726376 3.948513 4.082088 4.194276 
step-220-loss : 3.956837 4.121282 4.209909 4.129919 3.991044 4.171301 3.726386 3.948472 4.081935 4.194370 
step-221-loss : 3.956889 4.121322 4.209953 4.129920 3.991063 4.171215 3.726466 3.948565 4.081942 4.194365 
step-222-loss : 3.956905 4.121313 4.209965 4.129945 3.991106 4.171276 3.726406 3.948519 4.081915 4.194367 
step-223-loss : 3.956913 4.121330 4.209958 4.129988 3.991139 4.171202 3.726454 3.948532 4.081859 4.194326 
step-224-loss : 3.956965 4.121264 4.209901 4.129984 3.991033 4.171215 3.726377 3.948484 4.081888 4.194364 
step-225-loss : 3.956934 4.121316 4.210000 4.130016 3.991014 4.171281 3.726461 3.948395 4.081891 4.194356 
step-226-loss : 3.957001 4.121278 4.210044 4.129904 3.991050 4.171319 3.726411 3.948408 4.081931 4.194357 
step-227-loss : 3.957088 4.121339 4.209908 4.129946 3.991062 4.171281 3.726412 3.948343 4.081879 4.194433 
step-228-loss : 3.957089 4.121329 4.209999 4.129961 3.990988 4.171202 3.726345 3.948248 4.081798 4.194377 
step-229-loss : 3.957109 4.121292 4.209969 4.130033 3.990973 4.171270 3.726346 3.948296 4.081850 4.194418 
step-230-loss : 3.957116 4.121269 4.209958 4.129895 3.990971 4.171199 3.726253 3.948306 4.081752 4.194365 
step-231-loss : 3.957115 4.121315 4.210014 4.129949 3.991003 4.171299 3.726233 3.948351 4.081696 4.194392 
step-232-loss : 3.957058 4.121319 4.209939 4.129959 3.991073 4.171337 3.726268 3.948325 4.081654 4.194287 
step-233-loss : 3.957089 4.121241 4.209937 4.130012 3.991025 4.171290 3.726303 3.948322 4.081646 4.194387 
step-234-loss : 3.957090 4.121170 4.209982 4.129928 3.991051 4.171376 3.726220 3.948324 4.081616 4.194358 
step-235-loss : 3.957026 4.121300 4.209977 4.129967 3.991093 4.171439 3.726284 3.948345 4.081657 4.194338 
step-236-loss : 3.957024 4.121184 4.209958 4.130044 3.991264 4.171429 3.726290 3.948400 4.081584 4.194323 
step-237-loss : 3.957084 4.121192 4.210020 4.129992 3.991169 4.171429 3.726235 3.948310 4.081623 4.194324 
step-238-loss : 3.957106 4.121247 4.210026 4.130032 3.991261 4.171468 3.726292 3.948307 4.081607 4.194311 
step-239-loss : 3.957019 4.121294 4.209972 4.129947 3.991254 4.171447 3.726247 3.948256 4.081650 4.194342 
step-240-loss : 3.956978 4.121243 4.209931 4.129919 3.991248 4.171410 3.726206 3.948202 4.081804 4.194317 
step-241-loss : 3.956986 4.121262 4.209983 4.129922 3.991213 4.171422 3.726182 3.948205 4.081747 4.194312 
step-242-loss : 3.956889 4.121213 4.210003 4.129944 3.991176 4.171431 3.726142 3.948212 4.081752 4.194286 
step-243-loss : 3.956923 4.121233 4.209955 4.129951 3.991190 4.171466 3.726198 3.948201 4.081701 4.194356 
step-244-loss : 3.956884 4.121267 4.209920 4.130010 3.991128 4.171411 3.726233 3.948183 4.081708 4.194363 
step-245-loss : 3.956912 4.121263 4.210005 4.129999 3.991138 4.171399 3.726220 3.948215 4.081645 4.194327 
step-246-loss : 3.956953 4.121212 4.209983 4.129994 3.991180 4.171428 3.726309 3.948170 4.081670 4.194340 
step-247-loss : 3.956907 4.121252 4.209984 4.130034 3.991170 4.171339 3.726254 3.948190 4.081626 4.194316 
step-248-loss : 3.956949 4.121249 4.209983 4.129959 3.991142 4.171371 3.726266 3.948203 4.081652 4.194356 
step-249-loss : 3.956928 4.121264 4.209991 4.129953 3.991191 4.171394 3.726262 3.948221 4.081642 4.194329 
